Epoch	AverageEpRet	StdEpRet	MaxEpRet	MinEpRet	AverageTestEpRet	StdTestEpRet	MaxTestEpRet	MinTestEpRet	EpLen	TestEpLen	TotalEnvInteracts	AverageQVals	StdQVals	MaxQVals	MinQVals	LossPi	LossQ	Time
1	-3210.6963	36.21832	-3170.7341	-3267.657	-1787.4014	0.0	-1787.4014	-1787.4014	1000.0	1000.0	3999	-6.711387	4.382534	-0.0062448904	-31.25683	3.9656498	0.9849811	40.86789536476135
2	-3225.1921	10.269434	-3208.3433	-3233.5522	-1815.5804	0.00012207031	-1815.5806	-1815.5806	1000.0	1000.0	7999	-7.506348	6.0368147	6.55354	-37.467224	4.1903977	1.4503894	95.35791754722595
3	-2517.4377	647.49963	-1809.4032	-3169.7034	-1935.4763	0.0	-1935.4763	-1935.4763	1000.0	1000.0	11999	-4.41878	5.6825776	8.037901	-38.351433	1.467645	1.4792411	149.4244101047516
4	-1940.4521	13.848086	-1925.7252	-1960.5929	-1936.823	0.00012207031	-1936.8231	-1936.8231	1000.0	1000.0	15999	-14.383879	8.258259	7.7450156	-50.617794	12.381283	2.3456733	204.02336430549622
5	-1946.1628	34.604954	-1888.4797	-1977.7244	-1944.5885	0.00012207031	-1944.5886	-1944.5886	1000.0	1000.0	19999	-28.591103	8.607148	-3.1847086	-65.524284	27.037941	2.312638	260.0176725387573
6	-1966.5869	21.707823	-1936.1622	-1992.3365	-1843.7688	0.00024414062	-1843.7686	-1843.7686	1000.0	1000.0	23999	-42.66885	8.542726	-18.377663	-78.989555	41.253838	2.5770636	321.2144019603729
7	-1955.6079	28.857338	-1918.2332	-1998.7404	-1988.8572	0.00012207031	-1988.8573	-1988.8573	1000.0	1000.0	27999	-53.942413	9.100663	-28.231594	-90.10047	52.637924	2.6973183	384.02638697624207
8	-1946.2502	26.211035	-1919.9478	-1985.0388	-1930.7797	0.0	-1930.7797	-1930.7797	1000.0	1000.0	31999	-63.897453	9.617063	-33.67853	-101.17377	62.697334	2.738023	448.06859588623047
9	-1924.3873	28.074072	-1890.2274	-1968.1385	-1944.5549	0.0	-1944.5549	-1944.5549	1000.0	1000.0	35999	-72.1308	9.9477625	-43.073315	-109.4426	70.97451	2.8175528	515.1545112133026
10	-1937.7566	55.22036	-1860.7252	-2015.4592	-1897.2213	0.00012207031	-1897.2214	-1897.2214	1000.0	1000.0	39999	-79.14919	10.835494	-47.466118	-117.024376	78.03285	3.0326054	592.9812507629395
11	-1884.4602	8.486057	-1878.2913	-1899.0935	-1829.5853	0.0	-1829.5853	-1829.5853	1000.0	1000.0	43999	-85.03133	11.571677	-50.912773	-124.216736	83.99355	3.079184	682.3025829792023
12	-1873.5995	24.971886	-1849.2241	-1913.3668	-1875.5857	0.00012207031	-1875.5858	-1875.5858	1000.0	1000.0	47999	-90.1549	12.54478	-55.77007	-129.4305	89.13565	3.2824907	781.2523381710052
13	-1869.3293	15.166163	-1848.6526	-1891.497	-1812.5922	0.0	-1812.5922	-1812.5922	1000.0	1000.0	51999	-94.5613	13.250229	-56.85247	-135.13844	93.61613	3.2239268	859.4441602230072
14	-1828.8975	38.822037	-1785.5402	-1871.2711	-1837.5836	0.0	-1837.5836	-1837.5836	1000.0	1000.0	55999	-99.03307	13.974287	-60.63166	-140.68018	98.117836	3.1955707	933.4935123920441
15	-1837.2976	25.462852	-1799.3435	-1867.3569	-1813.2699	0.0	-1813.2699	-1813.2699	1000.0	1000.0	59999	-103.05398	14.758608	-62.3771	-144.74165	102.2104	3.021353	1005.5093955993652
16	-1814.683	5.276446	-1806.8315	-1821.6796	-1818.2025	0.0	-1818.2025	-1818.2025	1000.0	1000.0	63999	-106.91396	16.135468	-63.849743	-148.45445	106.09764	2.947259	1074.1408467292786
17	-1811.2739	19.827969	-1784.9048	-1840.7124	-1794.1637	0.0	-1794.1637	-1794.1637	1000.0	1000.0	67999	-110.59545	17.138119	-65.60223	-154.86171	109.856834	2.729974	1140.3581900596619
18	-1788.6414	17.719894	-1765.9363	-1811.0251	-1779.2942	0.0	-1779.2942	-1779.2942	1000.0	1000.0	71999	-114.55434	18.002478	-68.23929	-157.9474	113.853905	2.5377173	1204.6502578258514
19	-1794.1031	17.669062	-1776.1244	-1822.4319	-1751.429	0.00012207031	-1751.4288	-1751.4288	1000.0	1000.0	75999	-118.37366	18.871136	-69.78651	-163.09485	117.72795	2.326051	1271.2503635883331
20	-1780.4858	11.2983055	-1761.4366	-1789.9866	-1754.3958	0.00012207031	-1754.3956	-1754.3956	1000.0	1000.0	79999	-122.05776	19.95222	-76.69053	-169.4312	121.44673	2.1361732	1341.345990896225
21	-1789.7155	18.799837	-1768.7043	-1810.2976	-1782.4622	0.00012207031	-1782.462	-1782.462	1000.0	1000.0	83999	-125.53016	20.953335	-76.809166	-174.83665	124.93531	2.1882253	1416.8549401760101
22	-1769.3041	16.974125	-1749.5415	-1794.918	-1749.4951	0.0	-1749.4951	-1749.4951	1000.0	1000.0	87999	-128.35825	21.723042	-77.67633	-178.84177	127.7961	2.1220434	1501.523167848587
23	-1725.9026	4.1759953	-1720.6018	-1731.4994	-1713.2849	0.0	-1713.2849	-1713.2849	1000.0	1000.0	91999	-131.2217	22.039955	-82.61648	-181.9173	130.68889	2.1114209	1588.0145907402039
24	-1737.1183	4.47919	-1733.2406	-1744.7164	-1736.5491	0.00012207031	-1736.549	-1736.549	1000.0	1000.0	95999	-134.17438	22.569475	-84.57264	-184.77533	133.67697	2.053542	1675.0056252479553
25	-1742.4196	10.963254	-1728.5771	-1757.1749	-1751.5769	0.00012207031	-1751.577	-1751.577	1000.0	1000.0	99999	-136.80379	23.223616	-85.28356	-187.59497	136.31592	2.1534731	1760.0642747879028
26	-1744.7767	11.197762	-1734.9417	-1763.385	-1744.3102	0.0	-1744.3102	-1744.3102	1000.0	1000.0	103999	-138.90498	23.658148	-86.74066	-192.35103	138.42242	2.2459242	1840.0704064369202
27	-1762.5486	7.108904	-1750.7623	-1768.7703	-1771.5925	0.0	-1771.5925	-1771.5925	1000.0	1000.0	107999	-140.62234	24.160355	-86.157166	-193.99481	140.14821	2.280157	1919.071831703186
28	-1759.9989	6.292342	-1752.7389	-1770.0013	-1728.1246	0.0	-1728.1246	-1728.1246	1000.0	1000.0	111999	-142.22449	24.571629	-87.25512	-196.84178	141.78186	2.3772924	2006.3605399131775
29	-1746.2561	7.22844	-1738.3567	-1757.3584	-1745.766	0.00012207031	-1745.7661	-1745.7661	1000.0	1000.0	115999	-143.73547	24.788773	-89.44186	-199.20615	143.283	2.48338	2086.2938027381897
30	-1761.15	8.863797	-1754.6615	-1776.3671	-1753.9248	0.0	-1753.9248	-1753.9248	1000.0	1000.0	119999	-144.8422	25.052425	-88.35017	-200.77937	144.38512	2.614119	2168.978907108307
31	-1757.2428	7.3993735	-1749.2079	-1765.5145	-1757.5394	0.0	-1757.5394	-1757.5394	1000.0	1000.0	123999	-145.2311	26.013302	-81.759705	-203.08025	144.7473	2.7204902	2254.274344444275
32	-1757.9741	10.10778	-1745.1989	-1773.0107	-1753.1168	0.0	-1753.1168	-1753.1168	1000.0	1000.0	127999	-145.7573	26.87676	-86.23506	-205.52336	145.33302	2.7841523	2335.844052553177
33	-1770.8883	9.490395	-1762.0499	-1786.8655	-1791.9863	0.0	-1791.9863	-1791.9863	1000.0	1000.0	131999	-146.74286	27.14469	-87.38138	-205.96852	146.31682	2.9731414	2415.1483957767487
34	-1766.3589	3.5553265	-1763.3915	-1772.25	-1740.9792	0.0	-1740.9792	-1740.9792	1000.0	1000.0	135999	-147.78453	27.227917	-89.26249	-207.72408	147.38614	2.8666973	2492.7878148555756
35	-1777.5962	15.040664	-1757.0105	-1799.4697	-1787.3135	0.0	-1787.3135	-1787.3135	1000.0	1000.0	139999	-148.70638	27.515284	-85.62164	-208.96053	148.30605	2.9639091	2569.036511659622
36	-1772.1615	18.518469	-1747.7776	-1798.5228	-1755.3519	0.00012207031	-1755.352	-1755.352	1000.0	1000.0	143999	-149.54068	28.004992	-87.94492	-209.31448	149.14813	3.1435826	2654.0898339748383
37	-1759.165	11.961251	-1741.4077	-1772.2368	-1757.4773	0.00012207031	-1757.4774	-1757.4774	1000.0	1000.0	147999	-150.50018	28.076712	-89.70244	-211.18483	150.13277	3.1401665	2752.9119033813477
38	-1770.8888	12.539112	-1761.7827	-1792.3141	-1765.1041	0.0	-1765.1041	-1765.1041	1000.0	1000.0	151999	-151.41006	28.023523	-90.3182	-214.90608	151.05173	3.2611363	2876.3191845417023
39	-1775.477	13.827208	-1758.7197	-1792.1891	-1750.9348	0.0	-1750.9348	-1750.9348	1000.0	1000.0	155999	-152.3276	28.045103	-90.64444	-216.20663	151.96794	3.2096148	2972.8266575336456
40	-1773.2781	19.124578	-1752.7971	-1800.6445	-1815.3975	0.0	-1815.3975	-1815.3975	1000.0	1000.0	159999	-153.04092	28.178122	-90.72345	-217.98717	152.67996	3.1760492	3063.6264503002167
41	-1784.054	8.026255	-1777.9153	-1797.8597	-1777.1566	0.0	-1777.1566	-1777.1566	1000.0	1000.0	163999	-153.62715	28.303938	-91.84088	-221.18385	153.2794	3.1418643	3144.6528191566467
42	-1768.8352	20.949057	-1740.0221	-1797.5574	-1835.8422	0.0	-1835.8422	-1835.8422	1000.0	1000.0	167999	-154.60915	28.22225	-90.2775	-220.15762	154.25572	3.2341037	3222.81876540184
43	-1795.1558	8.23085	-1787.1274	-1807.4966	-1760.4047	0.0	-1760.4047	-1760.4047	1000.0	1000.0	171999	-154.91423	28.471003	-92.13294	-219.70154	154.54959	3.2189481	3298.052664756775
44	-1774.8296	13.489705	-1761.2017	-1797.0988	-1757.6086	0.00012207031	-1757.6085	-1757.6085	1000.0	1000.0	175999	-155.38716	28.559849	-89.24664	-220.86575	155.05936	3.2086215	3372.599102497101
45	-1784.6948	24.813534	-1747.6787	-1812.6317	-1787.0258	0.0	-1787.0258	-1787.0258	1000.0	1000.0	179999	-155.96121	28.755463	-89.11623	-222.70694	155.60344	3.4065173	3449.5207936763763
46	-1757.7429	9.817491	-1744.033	-1771.6312	-1768.7937	0.0	-1768.7937	-1768.7937	1000.0	1000.0	183999	-156.55515	28.737617	-91.96129	-222.40216	156.21979	3.1988127	3528.6381771564484
47	-1758.7985	9.278981	-1744.8492	-1768.6107	-1723.2961	0.00012207031	-1723.296	-1723.296	1000.0	1000.0	187999	-157.23882	28.608427	-89.148605	-222.36488	156.92595	3.1519938	3612.709132909775
48	-1755.667	6.3690124	-1748.6125	-1764.2756	-1749.9684	0.0	-1749.9684	-1749.9684	1000.0	1000.0	191999	-158.25417	28.284672	-92.07688	-224.3727	157.95932	3.0509732	3698.402093410492
49	-1768.8652	5.941348	-1759.6713	-1776.2856	-1783.5195	0.0	-1783.5195	-1783.5195	1000.0	1000.0	195999	-159.17297	28.102982	-95.17005	-223.72066	158.86423	3.0603173	3778.326537132263
50	-1778.1162	11.786256	-1760.9314	-1793.2927	-1760.3811	0.0	-1760.3811	-1760.3811	1000.0	1000.0	199999	-159.77768	28.228823	-96.00138	-223.90863	159.48071	2.979272	3856.9715514183044
