Epoch	AverageEpRet	StdEpRet	MaxEpRet	MinEpRet	EpLen	AverageVVals	StdVVals	MaxVVals	MinVVals	TotalEnvInteracts	LossPi	LossV	DeltaLossPi	DeltaLossV	Entropy	KL	ClipFrac	StopIter	Time
0	-2982.8455	24.978691	-2944.423	-3014.4019	1000.0	0.09253007	0.04493546	0.2335185	-0.038234428	4000	4.0745735e-07	77780.79	-0.019354109	-5281.8438	0.9189386	0.012322298	0.15875	79.0	7.427002429962158
1	-2926.9546	24.19928	-2889.2388	-2956.16	1000.0	-10.055697	0.161759	-8.654451	-10.213419	8000	-1.2159347e-07	70294.27	-0.016900573	-3110.2031	0.9077798	0.011963715	0.13775	79.0	14.831000328063965
2	-2859.766	33.55242	-2815.8381	-2909.8308	1000.0	-16.325575	0.06264077	-15.531832	-16.368706	12000	-4.143715e-07	63588.484	-0.01650546	-2609.125	0.8869993	0.008743532	0.139	79.0	22.095999240875244
3	-2831.4404	24.232563	-2804.269	-2870.312	1000.0	-21.845484	0.046557598	-20.87623	-21.869305	16000	-3.221035e-07	59476.117	-0.018628826	-2409.2305	0.87325305	0.011184141	0.1655	79.0	29.380999326705933
4	-2806.144	28.21276	-2774.9172	-2851.3198	1000.0	-27.11139	0.030506492	-26.630255	-27.127325	20000	-6.6280364e-08	56352.953	-0.016248843	-2277.5703	0.8593493	0.009892369	0.1295	79.0	37.37200045585632
5	-2758.6426	20.966541	-2727.586	-2783.8386	1000.0	-32.234234	0.024008345	-31.6644	-32.245068	24000	-2.1457673e-08	51963.523	-0.018084818	-2122.3164	0.856857	0.010406844	0.14775	79.0	44.930001974105835
6	-2765.8674	33.481	-2720.357	-2810.9646	1000.0	-37.201164	0.020524345	-36.774437	-37.20996	28000	1.15633014e-07	50244.152	-0.016370937	-2059.3438	0.856307	0.010815464	0.13625	79.0	52.045002698898315
7	-2684.9834	38.943176	-2635.8296	-2738.7495	1000.0	-42.115074	0.021715483	-41.68815	-42.1224	32000	-3.2782555e-07	45466.535	-0.016786955	-1885.8477	0.8555414	0.010590885	0.15725	79.0	58.9850013256073
8	-2680.933	11.305314	-2668.679	-2698.6074	1000.0	-46.859127	0.013275866	-46.64196	-46.864555	36000	-6.532669e-08	43031.07	-0.017757863	-1814.5039	0.8456852	0.013932431	0.163	79.0	67.64055013656616
9	-2647.025	20.388855	-2625.5405	-2676.5334	1000.0	-51.541157	0.015787847	-51.0976	-51.54613	40000	1.97649e-07	40359.773	-0.014165582	-1720.0703	0.83707255	0.011459692	0.124	79.0	74.56077885627747
10	-2597.3242	13.813502	-2577.9465	-2615.2903	1000.0	-56.140244	0.0144778695	-55.699467	-56.144283	44000	-1.7285346e-08	36785.688	-0.01882963	-1594.8438	0.8225918	0.013998835	0.16225	79.0	81.33178091049194
11	-2591.8489	24.247982	-2567.0813	-2625.3604	1000.0	-60.611324	0.008910719	-60.457222	-60.61494	48000	-2.117157e-07	35000.23	-0.006973273	-1537.8281	0.8083603	0.01786296	0.154	3.0	87.58277869224548
12	-2538.1807	17.696968	-2514.8286	-2560.0518	1000.0	-65.03835	0.0077722254	-64.90787	-65.04115	52000	-9.7393986e-08	31747.828	0.0019849667	-1418.9453	0.80797505	0.015147183	0.1925	3.0	93.682781457901
13	-2470.637	4.8486567	-2464.195	-2476.028	1000.0	-69.338776	0.0067107477	-69.15184	-69.34091	56000	6.198883e-09	28140.244	-0.01713279	-1287.6348	0.80729216	0.008424463	0.135	79.0	100.9167788028717
14	-2473.02	10.199839	-2461.8318	-2484.586	1000.0	-73.4816	0.005489587	-73.33851	-73.4835	60000	2.117157e-07	27065.176	-0.018060042	-1255.7656	0.8005001	0.011278247	0.15175	79.0	107.61778163909912
15	-2442.209	21.218365	-2415.7222	-2474.9958	1000.0	-77.60941	0.004776491	-77.478325	-77.611206	64000	6.1273575e-08	25001.355	-0.01860035	-1178.9238	0.78420246	0.008713149	0.15425	79.0	114.77278232574463
16	-2420.4937	11.274373	-2402.6924	-2433.9841	1000.0	-81.65853	0.009345073	-81.2493	-81.66024	68000	2.8514862e-07	23213.973	-0.016817847	-1121.6035	0.77129614	0.012699314	0.15275	79.0	123.9097809791565
17	-2405.695	18.770708	-2378.3345	-2425.2378	1000.0	-85.65083	0.007104358	-85.38501	-85.65265	72000	-6.484986e-08	21737.736	-0.01824572	-1067.2148	0.76630497	0.00749044	0.1445	79.0	131.43278050422668
18	-2369.4517	9.244254	-2354.2427	-2378.943	1000.0	-89.59026	0.008178649	-89.21479	-89.591774	76000	4.172325e-09	19891.115	-0.0185149	-989.9375	0.7461765	0.014080157	0.14875	79.0	138.939781665802
19	-2341.4954	13.589089	-2328.5127	-2361.5793	1000.0	-93.43183	0.0048759235	-93.2926	-93.43321	80000	1.9156933e-07	17947.197	-0.01797595	-921.29297	0.7422422	0.015079945	0.15675	50.0	146.2007896900177
20	-2355.4158	14.418842	-2345.1448	-2380.2683	1000.0	-97.18261	0.0039640716	-97.03203	-97.1838	84000	-4.696846e-08	17546.621	-0.015322229	-910.3086	0.7396422	0.009389124	0.14025	79.0	153.76978182792664
21	-2306.0718	15.02902	-2289.8857	-2330.3413	1000.0	-100.94961	0.0029282225	-100.87324	-100.9506	88000	4.4941903e-08	15389.806	-0.0029486837	-823.5078	0.72778213	0.017333262	0.186	4.0	160.4447820186615
22	-2304.2478	25.464384	-2279.631	-2346.3142	1000.0	-104.58633	0.003896575	-104.43823	-104.587395	92000	-7.200241e-08	14770.97	-0.017656503	-793.6094	0.7274598	0.0101867225	0.14825	79.0	167.93378043174744
23	-2270.6914	10.277947	-2260.6667	-2285.486	1000.0	-108.194336	0.0038347316	-108.05583	-108.19536	96000	4.9591065e-08	13264.664	-0.015367825	-729.3203	0.70781416	0.0144079095	0.14675	79.0	175.3367805480957
24	-2256.7688	27.948854	-2212.656	-2285.8918	1000.0	-111.70308	0.0029685623	-111.615974	-111.70393	100000	6.2465666e-08	12183.695	-0.016216017	-676.18164	0.6928164	0.007025122	0.146	79.0	182.25178170204163
25	-2236.4248	10.829623	-2228.5776	-2255.088	1000.0	-115.12485	0.0049460125	-114.99746	-115.12587	104000	-3.9339065e-09	11300.463	-0.019356212	-639.7373	0.6773992	0.013653579	0.1665	79.0	188.96777820587158
26	-2221.7188	12.638392	-2207.3572	-2241.353	1000.0	-118.496346	0.004388945	-118.30217	-118.49719	108000	-9.298324e-08	10292.877	-0.017586634	-591.6885	0.66515225	0.012282891	0.16	79.0	195.57878017425537
27	-2205.6025	10.449484	-2187.6946	-2213.3618	1000.0	-121.78535	0.0031159748	-121.70477	-121.786194	112000	7.5340274e-08	9451.83	-0.014001859	-559.5322	0.6452115	0.015025392	0.12025	74.0	203.12183022499084
28	-2173.3276	9.1540165	-2161.9429	-2185.8582	1000.0	-125.02602	0.0025249722	-124.918396	-125.02675	116000	3.8027764e-08	8374.207	-0.017558884	-498.28125	0.6366878	0.010149386	0.14375	79.0	211.11983227729797
29	-2126.3882	16.932745	-2110.3044	-2151.763	1000.0	-128.13353	0.0015073438	-128.09944	-128.13417	120000	2.026558e-08	7199.493	-0.015243718	-428.44238	0.6233785	0.008063749	0.1245	79.0	218.8878617286682
30	-2153.1064	4.5014334	-2145.4346	-2156.8372	1000.0	-131.061	0.0020766212	-131.00702	-131.06165	124000	-1.4853478e-07	7137.139	-0.015066472	-432.97754	0.61497784	0.0069885626	0.12575	79.0	226.06082797050476
31	-2123.6086	27.577494	-2100.9924	-2170.727	1000.0	-134.03403	0.0019122002	-133.95227	-134.03467	128000	-9.274483e-08	6296.231	-0.017169552	-390.23682	0.609288	0.012233671	0.15225	79.0	233.92782878875732
32	-2093.593	5.0196705	-2086.636	-2100.122	1000.0	-136.90967	0.0011697204	-136.88542	-136.9102	132000	1.7881394e-08	5424.0186	-0.016186383	-345.37842	0.6035924	0.010823766	0.14175	79.0	242.48878026008606
33	-2084.309	13.294925	-2073.9214	-2106.7258	1000.0	-139.65794	0.001487985	-139.6185	-139.6585	136000	-2.2411346e-08	5044.032	-0.01430304	-321.96094	0.59416765	0.0076743956	0.11625	79.0	251.32797813415527
34	-2081.749	6.8347507	-2073.028	-2091.3518	1000.0	-142.34935	0.0013180682	-142.31093	-142.34987	140000	-7.1644784e-08	4695.9546	-0.0030387086	-301.81982	0.5899835	0.01633954	0.13825	4.0	258.4689757823944
35	-2074.7053	6.227049	-2066.7773	-2081.1304	1000.0	-144.99658	0.0011987942	-144.97124	-144.99712	144000	3.6239623e-08	4315.184	-0.015577128	-280.39697	0.5898248	0.009598956	0.128	79.0	266.2329783439636
36	-2072.079	15.94453	-2050.174	-2095.211	1000.0	-147.58994	0.0012634712	-147.53905	-147.59041	148000	8.440018e-08	3973.0635	-0.014568694	-261.13135	0.5841248	0.0077880053	0.1225	79.0	273.2219760417938
37	-2061.6912	13.439206	-2043.9387	-2078.1565	1000.0	-150.13295	0.0012744463	-150.08527	-150.13342	152000	-2.2530555e-08	3627.5671	-0.017875435	-236.2649	0.5795097	0.0074393405	0.144	79.0	280.4499809741974
38	-2034.5859	8.4880495	-2027.6147	-2049.0974	1000.0	-152.59369	0.0010304778	-152.57256	-152.59418	156000	-2.5391579e-08	3234.462	-0.018757299	-206.79321	0.55889225	0.0091307135	0.1595	79.0	287.47501158714294
39	-2017.5164	16.59413	-1996.6514	-2041.1487	1000.0	-154.93669	0.0009876568	-154.90564	-154.93712	160000	1.4662743e-08	2783.8936	-0.018219702	-177.61157	0.55126214	0.014840157	0.15275	79.0	294.5609757900238
40	-2034.4055	10.952765	-2017.9849	-2047.7825	1000.0	-157.1464	0.001022087	-157.12921	-157.14688	164000	-7.200241e-08	2747.3027	-0.017966535	-180.67285	0.5530417	0.0114325555	0.1495	79.0	301.7509777545929
41	-2008.8651	16.492065	-1990.8202	-2034.266	1000.0	-159.40219	0.0008923033	-159.38501	-159.40265	168000	1.6689301e-09	2403.0244	-0.020183742	-149.48071	0.54794645	0.014665034	0.1645	79.0	308.9439787864685
42	-2001.5262	8.354302	-1993.5374	-2015.5295	1000.0	-161.50302	0.0014889142	-161.45226	-161.5035	172000	6.508827e-08	2140.7097	-0.012245438	-136.27942	0.543083	0.008160859	0.1055	79.0	316.21097564697266
43	-2016.6633	8.194693	-2008.7233	-2028.3007	1000.0	-163.53755	0.0014788081	-163.48737	-163.53807	176000	-9.918213e-08	2102.5303	-0.018609738	-136.16687	0.539157	0.008781592	0.13625	79.0	323.5380175113678
44	-1995.3936	9.4509735	-1982.6398	-2006.8319	1000.0	-165.60213	0.0012374013	-165.55237	-165.60263	180000	1.6450882e-08	1929.0972	-0.013040871	-111.04309	0.5325371	0.010714716	0.1235	79.0	330.87497997283936
45	-1977.6387	8.639309	-1969.9839	-1990.9767	1000.0	-167.51147	0.0012797435	-167.47734	-167.51196	184000	-4.887581e-09	1715.9861	-0.017007116	-92.54492	0.5195113	0.007824719	0.1575	79.0	340.29997992515564
46	-1961.6151	10.870922	-1944.6504	-1974.471	1000.0	-169.28441	0.0014095454	-169.23566	-169.28488	188000	6.7949294e-08	1445.2378	-0.018783618	-73.75842	0.50471365	0.008613117	0.152	79.0	349.57497668266296
47	-1963.9431	13.834534	-1943.0889	-1981.86	1000.0	-170.89891	0.0018919087	-170.82797	-170.89943	192000	4.005432e-08	1383.3225	-0.017424844	-70.30261	0.49225542	0.013740745	0.16575	79.0	358.3390140533447
48	-1960.8176	10.653659	-1946.3059	-1975.1274	1000.0	-172.49603	0.0013238838	-172.44551	-172.49652	196000	-1.2874604e-08	1327.3202	-0.0161382	-61.965454	0.4849055	0.010182788	0.13275	79.0	366.672979593277
49	-1952.9462	10.686013	-1943.9579	-1971.1793	1000.0	-174.02765	0.00094660436	-174.00073	-174.0281	200000	-1.3113022e-09	1237.0256	-0.01614299	-51.100586	0.47751093	0.010965023	0.11725	79.0	374.48697876930237
50	-1936.1915	12.461583	-1923.6414	-1956.6287	1000.0	-175.44746	0.001037194	-175.42082	-175.44792	204000	7.867813e-09	1071.2146	-0.015695505	-39.11487	0.47266173	0.011527935	0.1355	79.0	382.3610188961029
51	-1936.574	3.095641	-1932.4558	-1939.9803	1000.0	-176.71628	0.0012696479	-176.68382	-176.71681	208000	5.7458877e-08	1054.7206	-0.016174546	-34.947693	0.4634801	0.007328161	0.13625	79.0	390.925167798996
52	-1936.3289	2.7263715	-1932.2091	-1939.8453	1000.0	-177.93309	0.0010705293	-177.8986	-177.93355	212000	-1.9550324e-08	1002.6074	-0.018750593	-30.062683	0.44870317	0.012875105	0.14275	79.0	400.76017117500305
53	-1947.7136	10.237093	-1935.5381	-1963.5819	1000.0	-179.08525	0.0010851662	-179.04774	-179.08566	216000	-1.3113022e-08	1004.5675	-0.014140929	-32.439697	0.44828427	0.010052382	0.128	79.0	409.7821719646454
54	-1937.3013	13.703748	-1914.904	-1951.8927	1000.0	-180.29738	0.001594438	-180.24757	-180.29785	220000	-1.502037e-08	901.81085	-0.0034992842	-23.527344	0.44707596	0.015042986	0.20725	3.0	418.0331735610962
55	-1945.2451	12.333487	-1930.7334	-1963.8721	1000.0	-181.36252	0.0027571374	-181.27573	-181.36308	224000	-2.026558e-08	966.90436	-0.018049	-24.400635	0.44691563	0.009464596	0.15025	79.0	427.1641671657562
56	-1939.292	9.294611	-1928.4805	-1951.1707	1000.0	-182.45618	0.0010838021	-182.43892	-182.45667	228000	-2.2172928e-08	907.1696	-0.014211064	-18.887573	0.43999565	0.014068741	0.1285	79.0	435.8581202030182
57	-1925.8865	13.246399	-1914.3982	-1948.4377	1000.0	-183.44615	0.0019792006	-183.37271	-183.44672	232000	9.298325e-09	856.1194	-0.013321735	-12.671326	0.43749532	0.012621953	0.12525	79.0	445.04212045669556
58	-1937.3035	16.251217	-1926.078	-1965.248	1000.0	-184.27632	0.0032705516	-184.09044	-184.27695	236000	5.722046e-09	844.6041	-0.016203344	-13.989319	0.42731073	0.01123128	0.142	79.0	452.6929385662079
59	-1927.5592	18.548817	-1910.579	-1958.4603	1000.0	-185.15298	0.0023153021	-185.03911	-185.15352	240000	1.3351441e-08	827.3667	-0.0150801	-9.356567	0.42016286	0.006663235	0.128	79.0	460.5419430732727
60	-1922.8556	12.546235	-1902.4374	-1935.9645	1000.0	-185.89557	0.0020879635	-185.79811	-185.89615	244000	4.053116e-09	816.49927	-0.015449114	-6.8616943	0.42512774	0.010550351	0.13075	79.0	467.7259373664856
61	-1909.7261	9.475157	-1902.243	-1925.9829	1000.0	-186.54169	0.0012603822	-186.49529	-186.54218	248000	-1.6689301e-09	783.88293	-0.016646452	-3.472412	0.41081524	0.012378923	0.13875	79.0	474.3329403400421
62	-1912.2872	5.8647738	-1904.921	-1921.0758	1000.0	-187.01657	0.0012414502	-186.99179	-187.01709	252000	2.3841857e-09	749.63116	-0.008107964	-3.1624146	0.3985623	0.0152913565	0.15825	10.0	480.42293763160706
63	-1908.6907	2.796153	-1905.7617	-1912.8894	1000.0	-187.46986	0.0014711088	-187.41815	-187.47034	256000	-6.6757204e-09	808.31055	-0.015313739	-1.9873047	0.39729902	0.008737222	0.13075	79.0	487.2399389743805
64	-1906.1979	13.482506	-1886.8333	-1924.877	1000.0	-187.84103	0.0015765576	-187.78583	-187.84155	260000	-2.360344e-08	750.1603	-0.015940847	-1.3083496	0.3950323	0.011522338	0.14825	79.0	493.9039387702942
65	-1911.8264	4.084281	-1906.0062	-1916.8656	1000.0	-188.1475	0.0017846739	-188.07542	-188.14806	264000	-2.002716e-08	760.29663	-0.016023302	-1.588623	0.38914806	0.011858292	0.137	79.0	500.51493644714355
66	-1907.0444	5.46319	-1898.5505	-1913.3374	1000.0	-188.48634	0.0016126825	-188.43532	-188.48688	268000	-2.861023e-09	743.81964	-0.015486949	-0.73376465	0.38657066	0.008745699	0.13725	79.0	507.25493836402893
67	-1906.5171	7.7848344	-1896.7783	-1914.6722	1000.0	-188.72858	0.0018497737	-188.67894	-188.72916	272000	2.026558e-08	786.616	-0.010876816	-0.7140503	0.38455665	0.0151465	0.14425	14.0	513.379937171936
68	-1893.2952	4.891523	-1885.0795	-1897.8657	1000.0	-188.9659	0.0046335137	-188.76706	-188.96667	276000	1.9073486e-08	747.6034	-0.018103886	-0.016906738	0.38256627	0.011642661	0.15775	79.0	520.0039396286011
69	-1894.7181	8.327595	-1884.3047	-1906.9062	1000.0	-189.01538	0.0026838698	-188.90161	-189.01602	280000	2.8133393e-08	778.079	-0.014177364	-0.02154541	0.3769468	0.012507323	0.12	79.0	526.6719791889191
70	-1895.3639	8.4594145	-1884.8625	-1904.3107	1000.0	-189.05722	0.0039443527	-188.96709	-189.05815	284000	-9.536744e-10	769.35913	-0.01929511	-0.026672363	0.37139723	0.010783803	0.1615	79.0	533.3149421215057
71	-1892.622	5.756592	-1883.2836	-1899.021	1000.0	-189.10571	0.0044604973	-189.0037	-189.10652	288000	7.390976e-09	739.8743	-0.015735783	-0.0018310547	0.36700982	0.011828468	0.13475	79.0	539.9939379692078
72	-1889.853	3.8351007	-1885.205	-1895.8025	1000.0	-189.09616	0.0030311742	-189.02109	-189.09695	292000	-2.2649765e-08	761.7007	-0.01595558	-0.05029297	0.37075526	0.01148127	0.15225	79.0	546.6649367809296
73	-1886.6895	11.652315	-1877.2443	-1906.6261	1000.0	-189.02916	0.0034223245	-188.93242	-189.02995	296000	-2.169609e-08	786.0781	-0.016537484	-0.028442383	0.36201796	0.009406659	0.158	79.0	553.3439378738403
74	-1896.7688	6.0441685	-1889.6714	-1904.8589	1000.0	-188.97453	0.004361202	-188.85472	-188.97557	300000	-1.2397766e-08	726.6455	-0.0077163223	-0.047546387	0.35071325	0.016169911	0.12225	10.0	559.4999399185181
75	-1900.042	7.3380985	-1890.0582	-1909.6969	1000.0	-189.03825	0.0045174975	-188.95149	-189.03952	304000	5.722046e-09	782.78186	-0.019558575	-0.21154785	0.35137418	0.011235249	0.16775	79.0	566.1619391441345
76	-1889.8531	14.370563	-1869.7223	-1910.2207	1000.0	-189.18628	0.006145428	-189.04462	-189.1878	308000	-5.722046e-09	784.32404	-0.019721555	-0.050476074	0.35155097	0.0147744	0.17025	79.0	572.8899381160736
77	-1891.5704	1.9626399	-1889.1755	-1894.1097	1000.0	-189.12236	0.0050211637	-188.98558	-189.12349	312000	1.9073486e-08	749.3096	-0.017100584	-0.025939941	0.33840194	0.011216689	0.15425	79.0	579.7159404754639
78	-1878.8282	7.064314	-1871.1472	-1887.5491	1000.0	-189.06526	0.0053355894	-188.94063	-189.06664	316000	1.001358e-08	725.5283	-0.017607177	-0.44006348	0.33312544	0.013106306	0.156	79.0	586.4869413375854
79	-1885.0385	2.778405	-1881.8158	-1889.4775	1000.0	-188.8415	0.004813016	-188.73724	-188.84274	320000	3.3378602e-09	775.66876	-0.014479535	-0.1531372	0.32843828	0.00953211	0.11875	79.0	593.2349371910095
80	-1882.9377	6.28713	-1876.5271	-1893.15	1000.0	-188.69627	0.005575612	-188.57382	-188.69751	324000	2.3126603e-08	756.01996	-0.015269595	-0.2609253	0.3197969	0.015166578	0.15125	64.0	599.8409402370453
81	-1880.2844	11.0943	-1868.5776	-1898.2039	1000.0	-188.51225	0.0060764616	-188.38583	-188.51361	328000	7.867813e-09	803.80566	-0.017432395	-0.14178467	0.3190832	0.010761574	0.153	79.0	606.7849361896515
82	-1878.3778	11.074236	-1863.3011	-1893.3776	1000.0	-188.3698	0.0052606943	-188.22365	-188.37102	332000	-9.298325e-09	797.362	-0.0135463355	-0.18310547	0.30999628	0.009222479	0.12675	79.0	613.4619688987732
83	-1880.6733	8.945373	-1869.505	-1894.5015	1000.0	-188.2085	0.005578931	-188.06184	-188.20973	336000	-2.336502e-08	770.5571	-0.015710682	-0.059387207	0.30472016	0.00734182	0.12875	79.0	620.1109364032745
84	-1868.9739	8.198563	-1858.6337	-1878.64	1000.0	-188.11116	0.0039973347	-187.99342	-188.11244	340000	-4.768372e-10	768.8324	-0.015992206	-0.9838867	0.2894143	0.010909013	0.135	79.0	626.9699776172638
85	-1868.848	12.353471	-1848.1503	-1880.1489	1000.0	-187.7333	0.004851243	-187.57607	-187.73453	344000	-5.2452087e-09	751.3548	-0.015955424	-0.38031006	0.2845911	0.01275802	0.15	79.0	633.8059723377228
86	-1871.3584	7.6746283	-1863.2593	-1882.3826	1000.0	-187.47716	0.0055617513	-187.27841	-187.47849	348000	1.66893e-08	731.7789	-0.014101207	-0.19519043	0.2814838	0.011882418	0.1305	79.0	640.6219711303711
87	-1877.7119	7.684296	-1867.8972	-1888.8466	1000.0	-187.29298	0.0064278417	-187.10353	-187.2946	352000	9.059906e-09	747.8821	-0.017562399	-0.09698486	0.2877241	0.012754899	0.15975	79.0	647.3039374351501
88	-1867.4287	6.315659	-1857.3995	-1873.311	1000.0	-187.40956	0.005977835	-187.26668	-187.41135	356000	-7.152557e-09	729.2197	-0.014162057	-0.1809082	0.27985838	0.005825368	0.124	79.0	654.1974601745605
89	-1867.5978	7.8633246	-1860.8248	-1880.7087	1000.0	-187.24242	0.0074431417	-186.94424	-187.24445	360000	-8.34465e-09	759.9351	-0.01710695	-0.087768555	0.28059167	0.009892079	0.165	79.0	661.1184597015381
90	-1864.8363	9.206432	-1853.9185	-1877.9938	1000.0	-187.11125	0.0073673995	-186.89316	-187.11343	364000	-1.1920929e-09	792.6182	-0.0021323147	-0.20172119	0.27500626	0.015113648	0.1275	3.0	667.429801940918
91	-1854.467	6.3504767	-1844.1326	-1860.0995	1000.0	-186.91568	0.004844264	-186.78023	-186.91756	368000	-2.336502e-08	776.8984	-0.0150690805	-1.0180664	0.27502558	0.011354923	0.1285	79.0	674.3818027973175
92	-1857.1943	6.5434747	-1846.0529	-1862.8243	1000.0	-186.46863	0.007680089	-186.2228	-186.47096	372000	1.168251e-08	766.7272	-0.0132071255	-0.27166748	0.26443356	0.012497992	0.126	79.0	681.4051148891449
93	-1860.3196	5.7640896	-1854.7488	-1869.7197	1000.0	-186.21779	0.009184498	-185.94276	-186.2208	376000	2.0980835e-08	741.9071	-0.016853064	-0.09411621	0.25519377	0.008466361	0.13575	79.0	688.4601504802704
94	-1851.5743	3.498101	-1846.7197	-1856.361	1000.0	-186.08934	0.019499034	-185.61037	-186.09486	380000	1.4781952e-08	750.1437	-0.015279878	-0.45141602	0.24502774	0.0074100834	0.124	79.0	695.5801134109497
95	-1841.0839	10.693089	-1825.9594	-1852.2501	1000.0	-185.79622	0.031174863	-185.10837	-185.80688	384000	6.6757204e-09	771.0569	-0.01779496	-4.6693726	0.24470857	0.009119481	0.1455	79.0	702.7681169509888
96	-1850.4922	3.4112544	-1847.3865	-1856.2572	1000.0	-184.89659	0.43124628	-179.35672	-185.1979	388000	5.1259996e-09	714.69794	-0.016497403	-250.33905	0.24493362	0.0117322635	0.14075	79.0	710.2381176948547
97	-1848.3148	3.7910502	-1842.2844	-1851.9832	1000.0	-178.44188	12.420615	-115.62558	-187.22218	392000	-1.525879e-08	497.3042	-0.017643569	-109.40869	0.23934023	0.01050513	0.14675	79.0	717.7731156349182
98	-1851.138	8.17207	-1843.426	-1864.2356	1000.0	-178.41022	16.427658	-127.11217	-190.63974	396000	2.861023e-09	410.08994	-0.018119605	-80.10254	0.23566175	0.010918591	0.16275	79.0	725.248122215271
99	-1855.6724	11.358834	-1843.7809	-1868.641	1000.0	-178.81056	18.952654	-127.830696	-193.45697	400000	9.536743e-09	360.92557	-0.014446798	-79.870544	0.23757644	0.012505885	0.136	79.0	732.8271181583405
100	-1841.0214	7.9346833	-1829.8191	-1849.036	1000.0	-179.19618	21.806591	-131.07864	-195.8505	404000	0.0	288.4104	-0.014801583	-40.97435	0.23449807	0.012771258	0.13	79.0	740.454113483429
101	-1839.9673	4.910581	-1832.5386	-1846.2736	1000.0	-178.78627	23.643915	-131.43323	-197.50818	408000	-9.536743e-09	234.77016	-0.016644716	-19.66455	0.23750283	0.015160932	0.14925	37.0	747.730117559433
102	-1857.6426	6.7920065	-1847.6395	-1866.801	1000.0	-178.70255	24.895304	-131.29405	-198.78954	412000	1.9073487e-09	231.87299	-0.015745487	-17.397903	0.22802812	0.00793448	0.13125	79.0	755.4591131210327
103	-1854.4457	10.618013	-1839.8507	-1866.8734	1000.0	-179.79195	25.789978	-129.1816	-200.29974	416000	1.9073487e-09	224.04114	-0.015416275	-10.459518	0.22825901	0.009375649	0.118	79.0	763.2221188545227
104	-1862.9001	4.5764604	-1858.6948	-1869.9022	1000.0	-180.13046	26.38247	-127.704056	-201.53189	420000	2.2888184e-08	215.92801	-0.0151835205	-11.386475	0.22836584	0.012047006	0.1285	79.0	771.0301187038422
105	-1865.8054	6.3222003	-1855.2894	-1871.8813	1000.0	-180.942	26.754969	-125.12435	-202.66116	424000	3.8146974e-09	206.49207	-0.017681515	-7.911789	0.23478304	0.014436266	0.1595	79.0	778.8671576976776
106	-1850.7057	8.711278	-1842.4438	-1865.3573	1000.0	-181.74904	26.757696	-125.96759	-203.60034	428000	1.3351441e-08	194.12688	-0.014459783	-6.6025696	0.23313066	0.014768714	0.129	79.0	786.6691176891327
107	-1855.7622	6.480741	-1846.3475	-1864.6613	1000.0	-181.23354	26.57997	-125.11531	-204.1913	432000	1.7166137e-08	195.57497	-0.018340025	-5.670044	0.23864472	0.012356715	0.159	79.0	794.4731163978577
108	-1845.6094	8.331605	-1837.1665	-1855.0681	1000.0	-181.34575	26.636189	-125.75744	-204.82768	436000	3.8146974e-09	200.92563	-0.017321574	-5.264969	0.22392637	0.014792406	0.13925	79.0	802.3771185874939
109	-1856.9529	2.3871589	-1855.3055	-1861.0659	1000.0	-180.7962	26.695238	-125.85959	-205.33444	440000	1.1444092e-08	192.42018	-0.016250787	-10.662704	0.22191194	0.013153528	0.14625	79.0	810.1001155376434
110	-1846.415	6.384522	-1836.4236	-1854.0852	1000.0	-181.26875	26.958332	-124.82296	-206.04552	444000	7.629395e-09	184.66203	-0.018632803	-8.317154	0.21673225	0.009912268	0.163	79.0	817.1441180706024
111	-1852.978	7.871002	-1841.8422	-1863.6093	1000.0	-180.91722	26.993914	-125.927505	-206.43648	448000	-3.8146974e-09	181.92242	-0.016838444	-6.15271	0.21246895	0.014298338	0.14975	79.0	823.9321136474609
112	-1846.9531	8.987596	-1835.7498	-1858.9019	1000.0	-181.01962	26.969135	-125.39077	-207.0661	452000	-3.8146974e-09	192.50056	-0.018573383	-10.119736	0.19967929	0.010360262	0.159	79.0	831.8111188411713
113	-1850.8904	5.6262436	-1843.579	-1858.6185	1000.0	-180.89706	27.077808	-121.39207	-207.50272	456000	0.0	186.8501	-0.01841313	-7.648163	0.1914806	0.011652485	0.1525	79.0	840.871114730835
114	-1847.1555	10.153128	-1835.2882	-1857.519	1000.0	-181.06325	26.86298	-122.00347	-208.1288	460000	-3.8146974e-09	190.99896	-0.01623869	-11.540176	0.18664183	0.015070863	0.15075	26.0	849.393116235733
115	-1843.3031	10.928858	-1831.6884	-1861.2446	1000.0	-181.39178	26.221537	-121.07896	-208.7249	464000	-1.1444092e-08	177.26566	-0.016416058	-9.944534	0.18736379	0.012431892	0.13825	79.0	857.6811127662659
116	-1840.5332	4.7726955	-1835.8162	-1848.4889	1000.0	-181.0654	26.479027	-121.370476	-209.24287	468000	1.525879e-08	173.45576	-0.017759498	-6.756424	0.17965196	0.008229221	0.15325	79.0	866.8041136264801
117	-1842.0087	10.261291	-1830.6724	-1857.1677	1000.0	-181.11053	26.695814	-120.82297	-209.63927	472000	2.6702882e-08	170.75746	-0.016165636	-8.064285	0.1593051	0.011873056	0.1475	79.0	876.1161196231842
118	-1844.1758	2.962394	-1839.6229	-1847.9194	1000.0	-181.2231	25.749245	-121.94531	-210.01616	476000	-1.9073486e-08	170.29149	-0.010833502	-14.032913	0.15173554	0.01567326	0.171	8.0	885.2448945045471
119	-1850.6727	9.241932	-1840.8093	-1865.6361	1000.0	-181.27737	26.156109	-121.48682	-210.69882	480000	-2.861023e-09	182.95593	-0.017088916	-21.273148	0.1514862	0.012355846	0.13425	79.0	894.9832329750061
120	-1840.9624	4.343877	-1833.7831	-1845.4716	1000.0	-182.27007	25.752008	-122.54372	-211.24393	484000	-9.536743e-09	178.15138	-0.01714887	-16.531815	0.14795288	0.013318213	0.1325	79.0	904.4832351207733
121	-1846.551	8.4985695	-1832.4133	-1853.6932	1000.0	-181.5856	25.683392	-123.05538	-211.65208	488000	0.0	162.8855	-0.010594484	-8.06842	0.14649676	0.015009513	0.20825	9.0	913.1972308158875
122	-1844.6191	3.8172152	-1838.2413	-1848.3881	1000.0	-181.7985	26.024548	-119.45414	-212.16423	492000	-2.8610229e-08	174.40019	-0.016493212	-8.450058	0.14452615	0.01309438	0.1395	79.0	921.9342286586761
123	-1832.5173	6.170114	-1826.6483	-1842.8455	1000.0	-181.95047	26.289515	-116.96366	-212.81577	496000	-9.536743e-09	168.67406	-0.019858882	-12.4578705	0.14255331	0.014321191	0.1595	79.0	929.9942331314087
124	-1835.363	6.9839463	-1830.0499	-1847.3773	1000.0	-180.50493	25.81631	-118.07427	-213.24287	500000	-1.1444092e-08	158.33862	-0.017734665	-12.164841	0.14091662	0.009291053	0.143	79.0	938.1042330265045
125	-1830.2686	9.962629	-1815.2816	-1842.2177	1000.0	-180.86469	25.667326	-120.52881	-213.86482	504000	4.7683715e-09	154.43114	-0.0155132655	-9.208405	0.14029285	0.012173669	0.13325	79.0	946.245228767395
126	-1834.3402	3.1014376	-1829.7877	-1837.5183	1000.0	-180.71275	25.581615	-121.15933	-214.19603	508000	-1.4305114e-08	157.06512	-0.016962357	-9.165726	0.1371463	0.015346684	0.1575	37.0	954.1022305488586
127	-1834.0011	7.600427	-1821.8257	-1842.7299	1000.0	-181.19559	25.578167	-119.51125	-214.8339	512000	-8.5830685e-09	140.94978	-0.018379174	-8.288986	0.12921932	0.010643437	0.15825	79.0	962.8232309818268
128	-1825.752	13.718474	-1811.4747	-1847.9218	1000.0	-180.90988	26.016693	-119.20561	-215.38707	516000	-1.0490417e-08	149.18538	-0.016472341	-10.455643	0.12654136	0.011086982	0.13475	79.0	971.2062337398529
129	-1832.0729	3.773028	-1828.045	-1837.7003	1000.0	-180.27844	25.305628	-118.88207	-215.83382	520000	0.0	140.50604	-0.015583985	-7.505905	0.11406466	0.012975239	0.13275	79.0	979.9452321529388
130	-1835.497	11.08166	-1818.1927	-1846.0565	1000.0	-180.69475	25.814798	-117.7629	-216.52895	524000	-2.861023e-09	141.61513	-0.017432189	-9.040558	0.11033657	0.013330769	0.14425	79.0	988.6612346172333
131	-1827.27	5.0983434	-1820.888	-1834.019	1000.0	-181.24094	26.105682	-118.51738	-217.35942	528000	1.6212464e-08	140.06111	-0.016625836	-7.9704895	0.104293	0.012728101	0.14675	79.0	997.5202403068542
132	-1826.1403	2.8799667	-1821.7286	-1829.0233	1000.0	-180.1523	25.64239	-118.222015	-217.93181	532000	-1.6212464e-08	139.13326	-0.016665153	-9.319763	0.10565197	0.011196753	0.12875	79.0	1006.5372323989868
133	-1820.6724	5.855407	-1811.1256	-1827.0575	1000.0	-180.49596	26.143751	-119.35162	-218.56145	536000	2.861023e-09	128.81284	-0.017977048	-7.772148	0.09558043	0.013454078	0.147	79.0	1015.8422319889069
134	-1827.3645	1.3973186	-1826.1853	-1829.6768	1000.0	-179.9437	25.87318	-120.47142	-218.86667	540000	-9.059906e-09	127.85358	-0.018818546	-7.6298065	0.09305814	0.011197707	0.15275	79.0	1025.3672306537628
135	-1822.7695	5.8916497	-1816.367	-1831.9503	1000.0	-180.63661	25.577076	-120.73661	-219.4318	544000	7.629395e-09	121.92391	-0.015317482	-8.183746	0.095720395	0.013203264	0.1435	79.0	1034.7062313556671
136	-1819.9194	8.883993	-1804.9285	-1827.5143	1000.0	-180.54184	25.621012	-121.03169	-219.7835	548000	-1.525879e-08	127.805595	-0.018349092	-7.6589127	0.09369555	0.011506442	0.1545	79.0	1044.1142325401306
137	-1819.0422	8.8418255	-1805.664	-1827.2346	1000.0	-179.8806	25.793901	-118.42874	-220.31412	552000	2.0980835e-08	127.94939	-0.017741283	-13.484772	0.09017447	0.011008361	0.15325	79.0	1053.4392318725586
138	-1824.6445	3.048182	-1820.1415	-1828.6744	1000.0	-179.84166	25.835705	-116.744446	-220.59648	556000	-6.6757204e-09	124.5408	-0.009825786	-8.976868	0.08634022	0.01575246	0.133	6.0	1061.993232011795
139	-1827.1864	2.9421911	-1824.2655	-1830.7979	1000.0	-180.444	25.527771	-119.88728	-221.09135	560000	-2.3841857e-09	119.742935	-0.015424037	-7.035324	0.08602612	0.009767872	0.1425	79.0	1071.2582304477692
140	-1822.762	2.8865387	-1820.7456	-1827.7423	1000.0	-180.87686	25.812586	-121.7677	-221.66808	564000	2.336502e-08	107.42077	-0.017196277	-8.60363	0.087360166	0.015110719	0.14925	47.0	1080.309234380722
141	-1824.1472	11.276409	-1805.4199	-1834.2039	1000.0	-180.08876	25.83758	-115.90944	-221.89374	568000	1.6212464e-08	119.48222	-0.015175637	-7.3064423	0.08289541	0.011995982	0.13725	79.0	1089.8182299137115
142	-1821.9404	11.545324	-1813.1226	-1841.6818	1000.0	-180.54456	25.050667	-121.550255	-222.43347	572000	-7.152557e-09	114.71493	-0.017513873	-9.739525	0.066308	0.015182862	0.15875	70.0	1099.0502300262451
143	-1801.8142	8.552596	-1788.2767	-1811.9562	1000.0	-180.62065	24.837734	-120.02075	-222.82227	576000	2.3126603e-08	116.72403	-0.015700312	-16.619713	0.05413066	0.0072736526	0.14075	79.0	1108.5452344417572
144	-1813.1667	7.527798	-1801.5947	-1820.4501	1000.0	-178.49255	25.370338	-106.93899	-222.8942	580000	-8.5830685e-09	118.56048	-0.015710503	-17.590736	0.04626892	0.015808504	0.179	21.0	1116.4362359046936
145	-1809.916	4.41737	-1805.4065	-1816.4563	1000.0	-179.6397	25.491898	-119.43856	-223.23878	584000	-3.3378602e-09	113.32492	-0.0120012695	-14.096237	0.045633696	0.015013246	0.13875	19.0	1123.6782302856445
146	-1812.5133	5.450457	-1806.1588	-1818.7626	1000.0	-179.59431	25.796955	-117.83417	-223.81306	588000	-1.692772e-08	115.65306	-0.0099111125	-14.44548	0.046203177	0.01884354	0.2325	8.0	1130.5732326507568
147	-1811.6517	8.205093	-1803.5092	-1823.5709	1000.0	-179.76346	25.179655	-118.04196	-224.44647	592000	9.715557e-09	109.40234	-0.017547294	-9.708488	0.046122603	0.01131065	0.15925	79.0	1137.9812307357788
148	-1823.9473	0.7401506	-1823.1758	-1825.1436	1000.0	-179.63602	25.879116	-112.729965	-224.81093	596000	-2.4080277e-08	113.25393	-0.017805064	-11.730263	0.036354665	0.011827085	0.154	79.0	1145.4432294368744
149	-1806.5323	8.804881	-1793.0403	-1817.2638	1000.0	-180.64536	25.358929	-118.01232	-225.5257	600000	-4.7683715e-09	108.10757	-0.017335298	-7.687729	0.039206695	0.008098405	0.1475	79.0	1153.0472393035889
150	-1807.1628	6.5586	-1798.1628	-1814.8511	1000.0	-179.42767	25.419512	-116.95878	-225.77397	604000	-7.927418e-09	100.013626	-0.017345643	-6.110634	0.029041357	0.009527842	0.13575	79.0	1160.8532309532166
151	-1815.7223	4.432115	-1810.4719	-1822.0708	1000.0	-179.46204	25.812305	-115.977875	-226.25787	608000	2.193451e-08	103.18113	-0.019588687	-7.5654755	0.030731846	0.011589766	0.1545	79.0	1168.5042326450348
152	-1807.0507	12.51048	-1787.8569	-1820.6481	1000.0	-180.10602	25.290585	-118.11456	-226.89449	612000	5.066395e-09	100.450836	-0.010739335	-8.064301	0.024992725	0.015826344	0.1655	8.0	1175.5612354278564
153	-1804.874	11.944424	-1789.9343	-1820.7191	1000.0	-179.74904	25.291948	-118.44498	-227.08313	616000	1.180172e-08	107.61772	-0.019270876	-10.421104	0.024682997	0.012374933	0.168	79.0	1183.2712359428406
154	-1803.1653	5.4392667	-1796.97	-1811.4099	1000.0	-179.10873	25.773455	-116.22393	-227.20169	620000	7.1525574e-10	99.67081	-0.016954444	-8.660851	0.015288878	0.013520057	0.15575	79.0	1190.9882316589355
155	-1809.0221	8.539343	-1797.6462	-1819.7484	1000.0	-179.32881	25.056541	-117.68554	-227.41669	624000	-2.0861625e-08	94.989426	-0.017161805	-6.351654	0.00991242	0.014488341	0.141	79.0	1198.6792304515839
156	-1808.7703	9.364631	-1799.1453	-1824.1008	1000.0	-179.95384	25.499973	-116.79831	-227.9499	628000	7.152557e-09	101.36769	-0.015960313	-8.507988	-0.008901905	0.0139331445	0.14475	79.0	1206.5712292194366
157	-1803.1775	4.040358	-1797.9038	-1808.299	1000.0	-179.94261	25.523474	-116.07804	-228.33871	632000	-8.3446505e-10	99.01601	-0.016645355	-8.163948	-0.017263984	0.010570064	0.1395	79.0	1214.3902306556702
158	-1806.3649	11.335307	-1795.6561	-1824.7885	1000.0	-179.29852	25.7464	-112.51899	-228.41975	636000	-2.1874905e-08	101.70571	-0.017170448	-9.0401535	-0.021503258	0.0131169455	0.138	79.0	1222.2422740459442
159	-1802.9102	7.1607485	-1791.4646	-1810.6249	1000.0	-179.91335	25.31515	-116.66643	-228.93996	640000	1.4722347e-08	90.83598	-0.017562024	-7.0857086	-0.0216984	0.013730364	0.149	79.0	1229.964228630066
160	-1810.0472	6.600593	-1803.5623	-1820.7941	1000.0	-179.4901	25.088655	-116.8589	-228.99118	644000	7.390976e-09	91.38325	-0.0011809187	-8.223366	-0.018863559	0.016843274	0.203	2.0	1238.0632283687592
161	-1801.8438	8.865513	-1790.4723	-1812.6517	1000.0	-179.8237	25.77872	-114.48006	-229.54482	648000	8.8214875e-09	93.27347	-0.016160367	-8.319313	-0.018923376	0.011721656	0.146	79.0	1247.387232542038
162	-1806.1711	11.26832	-1788.205	-1819.0688	1000.0	-179.41	25.196306	-119.303	-229.27501	652000	-2.503395e-09	91.34693	-0.017257253	-7.692154	-0.01954005	0.01385681	0.1605	79.0	1254.4812326431274
163	-1808.1506	6.7607775	-1800.9731	-1817.2557	1000.0	-179.57304	25.720127	-112.884285	-229.50386	656000	3.2663344e-08	91.02517	-0.019812267	-6.321121	-0.03092959	0.012594745	0.16525	79.0	1264.9637880325317
164	-1800.5537	9.327785	-1788.8827	-1812.2426	1000.0	-180.08504	25.504362	-117.61579	-230.013	660000	-1.2874604e-08	90.78394	-0.0181596	-9.211586	-0.044607185	0.011311808	0.16625	79.0	1273.1637876033783
165	-1808.8501	4.2416644	-1802.4725	-1814.4143	1000.0	-179.70206	25.61774	-112.68302	-230.17914	664000	-1.45435335e-08	91.24002	-0.01520639	-8.181015	-0.05240769	0.011496511	0.13075	79.0	1281.2967927455902
166	-1802.3264	4.9628453	-1794.1787	-1806.9884	1000.0	-180.15349	25.489029	-115.59413	-230.41646	668000	-3.2007694e-08	92.02327	-0.016800012	-6.6541443	-0.054399896	0.014432226	0.1465	79.0	1305.0798280239105
167	-1801.8987	7.0102897	-1790.1824	-1808.7307	1000.0	-179.55453	25.691544	-114.45036	-230.5777	672000	4.3213366e-09	94.079895	-0.016882872	-5.9948196	-0.050429225	0.013337574	0.1525	79.0	1376.4158155918121
168	-1800.3212	5.39615	-1792.3843	-1806.459	1000.0	-179.86201	25.875334	-115.98006	-231.0861	676000	4.053116e-09	89.23462	-0.008015758	-7.317978	-0.056223933	0.015598171	0.16075	9.0	1442.5998077392578
169	-1802.5233	12.0476	-1786.311	-1819.9791	1000.0	-179.3043	25.498423	-114.393005	-231.05624	680000	1.7404556e-08	81.9159	-0.01846229	-5.5733414	-0.05670738	0.0059107454	0.1385	79.0	1514.1678235530853
170	-1794.4248	4.003868	-1788.352	-1799.5929	1000.0	-179.72873	25.571161	-116.91881	-231.44388	684000	3.3974648e-09	90.35789	-0.018992553	-6.475258	-0.06864209	0.012314061	0.156	79.0	1594.8098096847534
171	-1793.5906	13.733252	-1774.3748	-1813.1091	1000.0	-178.95337	25.61614	-113.38693	-231.14316	688000	-9.417534e-09	87.47381	-0.013330432	-7.902931	-0.07261611	0.015187851	0.143	27.0	1664.1198019981384
172	-1785.1613	6.542954	-1777.6938	-1793.6143	1000.0	-178.85217	25.566545	-114.99624	-231.28046	692000	4.768372e-10	80.38581	-0.013655561	-6.3741913	-0.07030334	0.015455004	0.17425	19.0	1729.6808242797852
173	-1796.2643	7.0436363	-1786.4143	-1805.0083	1000.0	-178.06993	25.244675	-115.1819	-230.89227	696000	4.1723253e-10	82.000374	0.0009393284	-8.238068	-0.07388336	0.02393232	0.29175	2.0	1795.026805639267
174	-1791.6171	8.152614	-1782.5298	-1801.7192	1000.0	-179.11853	25.442747	-117.16783	-231.77658	700000	1.6689301e-09	87.03221	-0.018281365	-10.14061	-0.07444914	0.01284083	0.15825	79.0	1865.1498093605042
175	-1794.9086	7.6317396	-1784.703	-1804.4131	1000.0	-178.3265	25.57338	-114.31797	-231.30357	704000	-1.4305115e-09	79.191734	-0.01819738	-8.645882	-0.07667324	0.012339392	0.1725	79.0	1936.7388305664062
176	-1790.912	4.077371	-1784.5322	-1795.7594	1000.0	-178.64072	25.39037	-116.80649	-231.81418	708000	-1.1920929e-09	84.7984	-0.01782245	-10.842445	-0.08747152	0.012813003	0.16975	79.0	2006.6148183345795
177	-1795.4894	10.377253	-1781.0045	-1807.8728	1000.0	-178.80714	25.587744	-109.624794	-231.96753	712000	1.6331672e-08	83.65289	-0.017737355	-10.00238	-0.08838324	0.011347051	0.15375	79.0	2075.6218123435974
178	-1794.17	6.9100885	-1784.1604	-1800.6035	1000.0	-179.22906	25.53593	-116.40551	-232.69753	716000	-1.4066696e-08	77.85262	-0.019562943	-6.2871017	-0.099281065	0.012208093	0.16475	79.0	2146.4648110866547
179	-1788.656	5.170305	-1783.9966	-1797.2471	1000.0	-179.00334	25.271666	-116.654366	-233.03801	720000	-9.536744e-10	74.24629	-0.016749647	-6.133316	-0.114455715	0.0084918365	0.14475	79.0	2216.1418149471283
180	-1793.17	4.935046	-1788.061	-1798.9182	1000.0	-178.01834	25.405186	-114.46249	-233.10213	724000	4.6491624e-09	77.62111	-0.01622564	-9.511154	-0.12176405	0.013095526	0.14025	79.0	2285.648804664612
181	-1786.2283	5.6014066	-1781.053	-1795.455	1000.0	-178.99693	25.412062	-115.88079	-233.4814	728000	-8.106232e-09	77.45195	-0.01886885	-8.871773	-0.13299681	0.011863799	0.1705	79.0	2354.5778040885925
182	-1784.9329	10.478033	-1771.4681	-1798.3204	1000.0	-178.50838	25.883005	-115.136185	-233.32251	732000	-1.0490417e-08	76.49952	-0.017987953	-6.66819	-0.13899949	0.010437718	0.159	79.0	2428.699801683426
183	-1782.3203	6.5815377	-1774.5638	-1789.293	1000.0	-178.00906	25.83425	-113.73914	-233.47878	736000	-8.106232e-09	76.4088	-0.017236862	-8.6528015	-0.14788768	0.010982561	0.151	79.0	2498.3178131580353
184	-1788.0303	7.834017	-1782.2632	-1801.5325	1000.0	-178.05856	25.832514	-114.51917	-233.25201	740000	-1.0251999e-08	70.29619	-0.020074086	-5.2473373	-0.15118018	0.01305324	0.1735	79.0	2576.086325645447
185	-1789.252	11.66102	-1775.6328	-1804.961	1000.0	-178.1025	25.795912	-114.74911	-233.7931	744000	-1.07288365e-08	73.421684	-0.018123342	-8.455925	-0.15776958	0.00889623	0.1485	79.0	2645.6633150577545
186	-1786.3832	3.823872	-1781.3275	-1791.6587	1000.0	-178.20274	25.910982	-114.39746	-234.54657	748000	-2.3841857e-09	68.90444	-0.017057976	-4.2459793	-0.16644979	0.014171587	0.16175	79.0	2727.1453261375427
187	-1792.9766	11.3003	-1778.311	-1807.4701	1000.0	-177.8962	25.618458	-112.33405	-234.44177	752000	-1.6212464e-08	67.61399	-0.017489998	-5.2970543	-0.17818525	0.012368043	0.177	79.0	2804.964329957962
188	-1787.927	8.154775	-1774.7635	-1795.8951	1000.0	-178.47362	26.045893	-110.74642	-235.34956	756000	8.106232e-09	66.92459	-0.0025792362	-5.678299	-0.17928487	0.018437738	0.23	2.0	2878.983327627182
189	-1776.6079	1.7340579	-1774.8336	-1779.4092	1000.0	-178.23544	25.717564	-114.657005	-235.23834	760000	-2.861023e-09	64.20452	-0.016722811	-7.19368	-0.17943226	0.01501907	0.1615	77.0	2958.110336303711
190	-1783.7212	8.858496	-1774.4283	-1798.2329	1000.0	-176.90906	25.524382	-110.19007	-234.53261	764000	-9.536744e-10	66.07173	-0.016766638	-8.93885	-0.18261349	0.01122336	0.1335	79.0	3029.6983172893524
191	-1791.3597	8.143761	-1779.0835	-1801.5509	1000.0	-177.97627	25.675915	-112.198166	-235.38431	768000	8.404255e-09	69.487686	-0.015241649	-6.810108	-0.17547198	0.015028319	0.147	65.0	3099.611334323883
192	-1784.877	5.0693336	-1779.2281	-1792.3636	1000.0	-178.78677	26.348526	-113.63079	-236.77878	772000	2.0980835e-08	64.463165	-0.015996872	-6.0292664	-0.18009259	0.007743137	0.13175	79.0	3171.69531750679
193	-1790.2148	6.5957675	-1782.9541	-1800.9016	1000.0	-177.89047	25.708277	-112.41069	-236.39624	776000	3.0994416e-09	66.49596	-0.01621028	-4.931175	-0.18105239	0.010875331	0.143	79.0	3241.3043212890625
194	-1781.1777	5.1905484	-1777.3882	-1790.0615	1000.0	-178.65909	25.938826	-113.10509	-237.72452	780000	7.629395e-09	62.093727	-0.011057169	-9.053249	-0.19785994	0.015262972	0.21125	12.0	3309.1143288612366
195	-1782.2037	6.9762897	-1776.9508	-1794.0027	1000.0	-177.8895	25.828476	-112.20809	-237.45055	784000	2.1457673e-08	60.76996	-0.01678496	-6.1761475	-0.20089807	0.00692204	0.1435	79.0	3383.3103296756744
196	-1776.7362	3.6032481	-1771.9425	-1781.8925	1000.0	-177.41911	26.245924	-109.22863	-237.2829	788000	2.193451e-08	62.104153	-0.018412868	-8.141712	-0.20561689	0.008226797	0.16125	79.0	3455.134316444397
197	-1779.0742	2.6256204	-1776.4209	-1781.9581	1000.0	-177.11346	25.6941	-112.03916	-236.5773	792000	5.9604646e-09	59.092716	-0.01483598	-5.1773415	-0.22115302	0.015100657	0.17725	25.0	3521.618333339691
198	-1777.9832	5.897539	-1768.03	-1783.2207	1000.0	-177.11514	25.679417	-114.03644	-237.16873	796000	1.5497208e-09	60.38206	-0.019563006	-7.2993813	-0.22506541	0.012221348	0.179	79.0	3592.1173346042633
199	-1783.5404	4.1146555	-1780.8119	-1790.6556	1000.0	-177.40625	25.995125	-111.43667	-237.99384	800000	-9.536744e-10	58.56147	-0.0036057557	-5.968605	-0.22616054	0.017971558	0.17525	2.0	3656.9963290691376
