Epoch	AverageEpRet	StdEpRet	MaxEpRet	MinEpRet	AverageTestEpRet	StdTestEpRet	MaxTestEpRet	MinTestEpRet	EpLen	TestEpLen	TotalEnvInteracts	AverageQ1Vals	StdQ1Vals	MaxQ1Vals	MinQ1Vals	AverageQ2Vals	StdQ2Vals	MaxQ2Vals	MinQ2Vals	AverageLogPi	StdLogPi	MaxLogPi	MinLogPi	LossPi	LossQ	Time
1	-3222.182	22.512884	-3201.8494	-3257.8972	-1952.8551	0.00012207031	-1952.855	-1952.855	1000.0	1000.0	3999	-11.135877	7.6541996	0.10459695	-45.381054	-11.137155	7.6421394	0.16592017	-44.87908	-0.39601138	2.0328789	10.542156	-13.519814	9.150367	3.1090639	61.11087346076965
2	-3215.2456	23.830732	-3186.3523	-3251.2642	-1792.6487	0.0	-1792.6487	-1792.6487	1000.0	1000.0	7999	-29.83455	9.255465	-7.6886253	-67.649605	-29.83434	9.251622	-7.8803334	-67.21449	-0.11676477	1.9769697	13.01058	-14.187913	27.942286	3.4286253	143.88531923294067
3	-2609.1494	606.0683	-1971.5404	-3224.2861	-1891.6705	0.00012207031	-1891.6707	-1891.6707	1000.0	1000.0	11999	-47.10846	9.306191	-25.183424	-84.93834	-47.108307	9.298668	-25.368372	-83.481445	0.01833823	1.9987185	10.9110155	-12.421083	45.327007	5.021722	236.96400094032288
4	-2077.7644	16.2571	-2051.5554	-2092.6533	-1907.1609	0.00012207031	-1907.161	-1907.161	1000.0	1000.0	15999	-69.84225	11.095314	-40.040092	-111.20181	-69.84184	11.085502	-38.36538	-112.80625	-0.6592659	1.6880339	12.005368	-13.885774	68.967316	6.1190653	331.16462993621826
5	-2018.6637	54.22948	-1959.4758	-2103.0093	-1774.7268	0.0	-1774.7268	-1774.7268	1000.0	1000.0	19999	-93.51636	10.932649	-61.33001	-136.07333	-93.51664	10.922104	-61.41383	-133.83702	-0.5128223	1.7221924	10.419196	-14.042759	92.90386	6.8400264	432.1020452976227
6	-1998.8798	26.75425	-1968.2394	-2035.3442	-1841.982	0.0	-1841.982	-1841.982	1000.0	1000.0	23999	-113.24894	10.815868	-81.20995	-151.72581	-113.24919	10.80033	-81.539444	-152.90207	-0.43109807	1.7240778	10.561001	-12.832684	112.80097	6.769132	582.6534795761108
7	-1987.7667	13.778416	-1975.6475	-2011.066	-1826.6888	0.0	-1826.6888	-1826.6888	1000.0	1000.0	27999	-130.01637	10.955011	-96.75378	-170.02174	-130.01662	10.935688	-96.49158	-171.71796	-0.35497028	1.7254008	10.600411	-15.101177	129.67465	6.964613	723.3484218120575
8	-1982.1385	33.401543	-1929.2308	-2021.5149	-1814.0635	0.0	-1814.0635	-1814.0635	1000.0	1000.0	31999	-144.00269	11.288318	-110.58267	-184.12396	-144.00302	11.268258	-110.831345	-182.67279	-0.34384868	1.7188189	9.3706875	-12.318785	143.75096	6.989998	853.7171878814697
9	-1957.176	18.468515	-1941.4725	-1987.8732	-1764.2614	0.00012207031	-1764.2612	-1764.2612	1000.0	1000.0	35999	-155.65453	11.724755	-120.949104	-194.97314	-155.65463	11.708218	-121.45953	-198.21982	-0.3266857	1.7196226	10.727875	-13.254678	155.46599	7.065631	965.8739204406738
10	-1957.7927	27.140232	-1928.7212	-2001.8633	-1769.8422	0.0	-1769.8422	-1769.8422	1000.0	1000.0	39999	-165.33406	12.230534	-131.12791	-204.06253	-165.3343	12.21775	-130.70537	-203.17465	-0.35299316	1.7043524	9.478182	-12.291067	165.2012	7.1695604	1067.270825624466
11	-1968.855	2.6646714	-1965.2002	-1971.629	-1783.71	0.0	-1783.71	-1783.71	1000.0	1000.0	43999	-173.5541	12.884895	-137.56168	-213.76314	-173.55405	12.875611	-137.93556	-214.43498	-0.39560464	1.6667718	12.252099	-13.828325	173.4734	7.182132	1163.9285249710083
12	-1952.3173	16.068874	-1936.1138	-1974.9105	-1780.7725	0.0	-1780.7725	-1780.7725	1000.0	1000.0	47999	-180.32816	13.570783	-144.03629	-220.43556	-180.3285	13.559255	-143.8753	-220.58435	-0.42994496	1.6422658	11.737564	-13.72547	180.28064	7.1933556	1262.9832010269165
13	-1934.5977	21.114496	-1904.5702	-1955.6991	-1769.2795	0.00012207031	-1769.2794	-1769.2794	1000.0	1000.0	51999	-185.511	14.263873	-148.0849	-226.2153	-185.5109	14.253863	-147.56001	-224.6769	-0.44515058	1.6408995	9.140142	-12.303276	185.47398	7.123459	1369.6170780658722
14	-1941.6228	8.849924	-1927.1855	-1949.0618	-1726.43	0.00012207031	-1726.4302	-1726.4302	1000.0	1000.0	55999	-189.63304	14.987737	-150.95413	-230.44403	-189.63313	14.977528	-149.67532	-231.38062	-0.4873211	1.6251384	8.364363	-12.653824	189.61998	7.0332603	1483.923101425171
15	-1928.2606	5.567557	-1918.7119	-1932.5493	-1731.3425	0.0	-1731.3425	-1731.3425	1000.0	1000.0	59999	-192.85278	15.696808	-152.32385	-232.17615	-192.85297	15.686194	-152.82678	-233.67177	-0.5167458	1.5957259	7.4971275	-12.254154	192.85716	6.8121552	1588.9519488811493
16	-1923.8109	7.5187607	-1914.5594	-1935.1881	-1739.8723	0.00012207031	-1739.8722	-1739.8722	1000.0	1000.0	63999	-195.47124	16.427532	-153.63922	-236.65215	-195.47105	16.415154	-154.40675	-237.82869	-0.5763289	1.5813392	9.461403	-13.664924	195.47328	6.6852393	1688.958922624588
17	-1927.7502	12.814189	-1908.298	-1940.4706	-1747.7074	0.0	-1747.7074	-1747.7074	1000.0	1000.0	67999	-197.29729	17.065756	-154.02821	-238.75058	-197.29784	17.052608	-154.49068	-240.63576	-0.6508113	1.5625654	6.3665857	-12.764285	197.30771	6.3996663	1790.0190930366516
18	-1927.7258	6.3841105	-1922.8926	-1938.6931	-1741.3213	0.0	-1741.3213	-1741.3213	1000.0	1000.0	71999	-198.60011	17.805626	-153.72067	-241.95071	-198.60022	17.794075	-154.85558	-244.59425	-0.7277785	1.5478759	6.563928	-12.95133	198.62578	6.182165	1901.1415598392487
19	-1935.656	7.7193556	-1927.8231	-1945.4017	-1729.2523	0.00012207031	-1729.2524	-1729.2524	1000.0	1000.0	75999	-199.26826	18.60659	-154.24327	-241.87506	-199.26842	18.592478	-154.75409	-244.20505	-0.80023867	1.5481246	7.2250004	-12.617108	199.28264	5.9729657	2018.1335208415985
20	-1929.9305	5.9682817	-1924.8071	-1940.097	-1709.9869	0.0	-1709.9869	-1709.9869	1000.0	1000.0	79999	-199.78355	19.41917	-153.54349	-244.53564	-199.78374	19.40453	-153.44547	-245.94084	-0.87634367	1.542611	6.7587647	-12.691608	199.81589	5.74939	2125.269805908203
21	-1944.1901	4.755681	-1936.6675	-1948.6888	-1726.8213	0.0	-1726.8213	-1726.8213	1000.0	1000.0	83999	-199.84335	20.222738	-152.72838	-246.22456	-199.84325	20.206799	-152.18193	-246.60046	-0.9144675	1.5395615	6.6755877	-12.862531	199.86652	5.500625	2229.2236976623535
22	-1932.8663	4.2224326	-1925.8037	-1936.9281	-1737.9183	0.00012207031	-1737.9185	-1737.9185	1000.0	1000.0	87999	-199.5406	21.06756	-151.81943	-246.69188	-199.54086	21.05065	-150.50063	-247.07504	-0.9438856	1.5440766	7.275334	-12.734112	199.56252	5.2568164	2340.6639823913574
23	-1945.6111	17.234758	-1926.4054	-1967.1069	-1729.6898	0.0	-1729.6898	-1729.6898	1000.0	1000.0	91999	-199.1029	21.747131	-150.20123	-247.36023	-199.10292	21.729828	-150.05276	-249.12634	-1.0225006	1.5354316	7.490562	-13.096983	199.12807	5.0370946	2454.2149510383606
24	-1936.7499	16.514278	-1913.188	-1953.9872	-1726.3405	0.0	-1726.3405	-1726.3405	1000.0	1000.0	95999	-198.72266	22.336332	-148.93143	-247.47021	-198.72272	22.317936	-149.0025	-247.90492	-1.072883	1.5148822	6.5475397	-13.644177	198.74994	4.7722235	2563.8076827526093
25	-1949.9219	10.482081	-1941.8057	-1967.9136	-1717.1199	0.00012207031	-1717.12	-1717.12	1000.0	1000.0	99999	-198.12727	22.90421	-147.99835	-250.04063	-198.12706	22.885078	-147.75299	-249.46278	-1.1145761	1.4902936	6.0514684	-12.517632	198.15897	4.640153	2676.1966395378113
26	-1949.1724	15.789705	-1926.1218	-1969.6062	-1717.9365	0.0	-1717.9365	-1717.9365	1000.0	1000.0	103999	-197.38432	23.434954	-146.33928	-248.20892	-197.38441	23.414066	-146.78487	-248.9706	-1.1169969	1.4939252	6.017119	-13.070402	197.4098	4.5458665	2789.7987825870514
27	-1948.0759	22.211636	-1909.7645	-1963.5876	-1713.2256	0.0	-1713.2256	-1713.2256	1000.0	1000.0	107999	-196.73692	23.916393	-146.42397	-248.21858	-196.73712	23.894262	-145.79483	-248.1901	-1.1581155	1.4873148	5.8673024	-14.60392	196.76872	4.5184793	2895.6111946105957
28	-1943.5625	10.977177	-1930.0691	-1960.6805	-1699.0393	0.00012207031	-1699.0392	-1699.0392	1000.0	1000.0	111999	-196.20444	24.272282	-144.03369	-248.07623	-196.20436	24.249035	-144.63113	-248.33315	-1.1587647	1.4840268	7.214576	-14.089043	196.2552	4.5344963	3007.7265617847443
29	-1949.4773	8.273742	-1936.2489	-1957.5122	-1698.9521	0.0	-1698.9521	-1698.9521	1000.0	1000.0	115999	-195.86015	24.564024	-144.76462	-248.3786	-195.86002	24.539642	-144.05667	-248.90405	-1.1641372	1.4776454	8.373871	-12.636529	195.92232	4.643741	3121.3856925964355
30	-1955.4039	18.795345	-1934.764	-1985.9652	-1686.7014	0.0	-1686.7014	-1686.7014	1000.0	1000.0	119999	-195.66953	24.73355	-142.43677	-248.96292	-195.6693	24.706587	-143.19174	-249.52808	-1.1681937	1.4778706	15.021681	-13.112267	195.75272	4.77061	3226.572325229645
31	-1940.6868	5.684804	-1933.3539	-1948.7412	-1710.2334	0.0	-1710.2334	-1710.2334	1000.0	1000.0	123999	-195.7515	24.767323	-143.31561	-249.14993	-195.7515	24.738955	-142.57152	-250.72215	-1.1780541	1.4689149	8.531302	-16.123295	195.85197	4.9303155	3334.5121409893036
32	-1950.5471	17.517122	-1922.3556	-1970.189	-1710.9283	0.0	-1710.9283	-1710.9283	1000.0	1000.0	127999	-195.7708	24.839813	-143.22838	-249.99452	-195.77074	24.811813	-141.94374	-250.05203	-1.1946595	1.4587946	6.99789	-13.48716	195.88904	4.8965926	3452.7146558761597
33	-1937.491	9.979638	-1922.4368	-1948.4646	-1714.8103	0.00012207031	-1714.8104	-1714.8104	1000.0	1000.0	131999	-195.681	24.929218	-143.33742	-250.59387	-195.681	24.901155	-142.8868	-252.66434	-1.1983204	1.4516798	7.088471	-12.752365	195.79669	4.9954133	3566.9125678539276
